
20210507112446152021050711244615
20210507112446162021050711244616
20210507112446622021050711244662
20210507112446632021050711244663
20210507112446652021050711244665
20210511114479022021051111447902
20210511114477972021051111447797
20210511112448132021051111244813
20210511112448142021051111244814
20210511112448162021051111244816
20210511112448192021051111244819
20210511112448202021051111244820
20210511112448222021051111244822
20210513112451032021051311245103
20210513112451042021051311245104
20210513112451062021051311245106
